0 25.000000000 0.000000000 -5.000000000 -0.448297854 -0.448297854 0.546835472 0.546835472
1 24.825981253 2.590642273 -4.943698304 -0.422891962 -0.473460469 0.571141210 0.520379949
2 24.431022372 4.850213991 -4.707473605 -0.400274976 -0.496502248 0.590967015 0.493987295
3 23.668737521 6.945506683 -4.621163161 -0.377122983 -0.515577084 0.610197796 0.468633306
4 22.583169136 8.601675039 -4.492600807 -0.355136654 -0.531582995 0.625639656 0.447071020
5 21.455160041 9.513775654 -4.282414950 -0.339445218 -0.542581420 0.636253297 0.430771504
6 20.110685973 9.962589691 -4.160150421 -0.327520967 -0.549063539 0.644438056 0.419474479
7 18.795143702 9.585972728 -4.077229167 -0.321981039 -0.549212621 0.648432734 0.417407112
8 17.605258544 8.538641793 -3.864598884 -0.326162366 -0.544309328 0.645686470 0.424775762
9 16.478307920 7.014335279 -3.765666810 -0.338858266 -0.531640584 0.638201460 0.441850950
10 15.706191165 4.949316165 -3.602337094 -0.363873914 -0.510601731 0.620309019 0.471273135
11 15.078464652 2.646847690 -3.534382520 -0.397776761 -0.479926735 0.592810628 0.509921108
12 14.894999347 0.122716988 -3.433278368 -0.441038310 -0.441669920 0.553239414 0.551669323
13 15.066154026 -2.358334507 -3.301022222 -0.482754410 -0.403689325 0.508190222 0.587984530
14 15.616311330 -4.817515305 -3.150612099 -0.518321277 -0.370931082 0.465222723 0.614264605
15 16.278502611 -7.174409640 -2.837712486 -0.545150388 -0.348135157 0.430461004 0.629536569
16 17.561958650 -8.408343288 -2.838651790 -0.558393631 -0.339489977 0.413509305 0.633997763
17 18.570013994 -9.827663053 -2.544829735 -0.569210408 -0.336106540 0.399401132 0.635224874
18 20.068320594 -9.841071536 -2.611870075 -0.567591619 -0.344886541 0.404021027 0.629015133
19 21.200185234 -9.864353759 -2.272063766 -0.566860111 -0.357254649 0.407598927 0.620404582
20 22.436976596 -8.875254591 -2.121605652 -0.558347665 -0.376574098 0.421960085 0.606951003
21 23.593046530 -7.013275797 -2.220288346 -0.542233294 -0.400365099 0.445415469 0.589318167
22 24.329988791 -4.917948608 -2.198341325 -0.524015325 -0.425626635 0.469738977 0.568854287
23 24.825505318 -2.568703508 -2.042662895 -0.503900147 -0.453061214 0.493510531 0.545222463
24 24.945956407 0.097117754 -1.934350707 -0.479449259 -0.480799335 0.519964707 0.518263553
25 24.834468240 2.606092660 -1.768583789 -0.455667101 -0.506804411 0.542868397 0.490724654
26 24.372186523 5.053193024 -1.566126876 -0.431562328 -0.530934514 0.564004519 0.462343382
27 23.639360359 7.020054615 -1.474504273 -0.409028182 -0.550115600 0.581904563 0.437556686
28 22.548978812 8.650020704 -1.322992714 -0.387997400 -0.567017853 0.596629576 0.414707031
29 21.368177419 9.621696567 -1.155872731 -0.373103146 -0.579297961 0.606623465 0.396504585
30 20.136156763 9.914809276 -0.982885854 -0.364379149 -0.587082038 0.612234509 0.384358455
31 18.780072079 9.611974525 -0.864325369 -0.360181361 -0.590823934 0.613847923 0.379983149
32 17.554207695 8.632844274 -0.699444208 -0.366923154 -0.588739281 0.609500450 0.383748172
33 16.468383843 7.091156335 -0.584581974 -0.382765623 -0.580088124 0.598611199 0.398312541
34 15.617760589 5.049370634 -0.484757470 -0.411599212 -0.561935186 0.577997183 0.425128441
35 15.120032028 2.626332881 -0.334888923 -0.451663625 -0.533646071 0.545929839 0.461716851
36 14.914088386 0.167449917 -0.278363531 -0.495327557 -0.496174576 0.505122309 0.503301952
37 14.916056324 -2.664780560 -0.058864499 -0.536450452 -0.455386960 0.458784482 0.542549932
38 15.449896145 -5.083631220 0.103295331 -0.569316586 -0.418974715 0.417628177 0.570898870
39 16.257796083 -7.208847423 0.256484819 -0.591279634 -0.392339814 0.386708890 0.588994142
40 17.304504757 -8.828051784 0.439689699 -0.603600056 -0.378131612 0.368176005 0.597603452
41 18.547681867 -9.857826930 0.566992996 -0.607982366 -0.374133664 0.361542015 0.599723950
42 20.142583387 -9.598025506 0.549121851 -0.603097325 -0.383196462 0.371397788 0.592872474
43 21.192540211 -9.904630042 0.853650425 -0.601440743 -0.390899330 0.373547271 0.588157448
44 22.423247924 -8.867300662 0.961264888 -0.590750992 -0.409507536 0.390040669 0.575486855
45 23.621965581 -6.855636362 0.862432709 -0.573748494 -0.433310535 0.415824746 0.556906120
46 24.355052858 -5.126486898 1.160390217 -0.557201761 -0.458178317 0.435515743 0.538446715
47 24.825730056 -2.390575013 1.004050289 -0.533782839 -0.485108537 0.464775276 0.513546036
48 25.011682478 0.040459772 1.233011178 0.511984843 0.511905115 -0.488132375 -0.487392510
49 24.831749101 2.728061101 1.297308963 0.485642104 0.538506119 -0.513061541 -0.459271991
50 24.369623977 4.976625509 1.524853128 0.463334895 0.561534648 -0.532328412 -0.432002403
51 23.602196758 7.097089701 1.680247145 0.440713165 0.582611977 -0.550154514 -0.404555560
52 22.527870404 8.711677408 1.821900907 0.420766704 0.599834507 -0.563687345 -0.381327317
53 21.350578349 9.898363339 1.673949847 0.400442273 0.612365691 -0.576526830 -0.363690886
54 20.081389543 9.960379851 2.142262402 0.399264413 0.622118640 -0.576298513 -0.348477187
55 18.799925795 9.673790315 2.299332054 0.398724018 0.627931816 -0.574711006 -0.341215550
56 17.555776240 8.638220518 2.439770025 0.407363905 0.628176289 -0.567566707 -0.342516032
57 16.468452475 7.061390233 2.568819356 0.427579611 0.621851349 -0.552381828 -0.354049279
58 15.634357952 5.057236245 2.681393218 0.458713882 0.607575246 -0.528146162 -0.376158911
59 15.069747740 2.782235321 2.774549707 0.499251415 0.582301924 -0.494710277 -0.408575863
60 14.910965472 0.188231040 2.872846553 0.544587669 0.545475627 -0.451746908 -0.449227495
61 14.940361721 -2.699818196 3.032828835 0.583090108 0.504155959 -0.406651999 -0.490374191
62 15.453770428 -5.139905817 3.216840498 -0.613189793 -0.465138027 0.368439304 0.521437794
63 16.247435051 -7.231840741 3.420790745 -0.631765954 -0.436060326 0.341477410 0.542324948
64 17.335968105 -8.848652962 3.560160050 -0.640244006 -0.418386499 0.327397975 0.554843145
65 18.548824380 -9.894756060 3.736628642 -0.642611052 -0.411814862 0.322879048 0.559650494
66 19.879658991 -10.249863838 3.827106118 -0.639341411 -0.413955931 0.328206841 0.558715775
67 21.215842787 -9.902507544 3.986833825 -0.631660107 -0.424760641 0.339712426 0.552430425
68 22.590137405 -8.427963124 3.847089072 -0.617577683 -0.442988001 0.362658659 0.539294106
69 23.593312283 -6.690962262 3.929546826 -0.601290177 -0.465254896 0.385172217 0.523096901
70 24.371115398 -4.712833177 4.003149203 -0.583670081 -0.488468936 0.408494258 0.503844992
71 24.844128657 -2.378464632 4.114878595 0.562481510 0.514423032 -0.433058042 -0.481086507
72 25.017674231 0.107074359 4.350109576 0.540106941 0.541260112 -0.456370186 -0.455025534
73 24.884368501 2.611351266 4.531666556 0.516644425 0.566801487 -0.478707022 -0.427380625
74 24.446067580 4.979557969 4.715454723 0.493940931 0.589990419 -0.498561349 -0.399212029
75 23.668913905 7.071610150 4.853700146 0.471412243 0.610960810 -0.515557026 -0.372422258
76 22.580483928 8.697804482 5.028035840 0.452795246 0.628803606 -0.527731842 -0.347967804
77 21.417516296 9.645125598 5.182947878 0.440234316 0.642436990 -0.534509240 -0.328280874
78 20.121538337 10.048755830 5.295707941 0.433310245 0.652677521 -0.537316324 -0.312322674
79 18.801324762 9.743524457 5.448638223 0.433851827 0.659866886 -0.533312893 -0.303192420
80 17.537860667 8.848373899 5.292986963 0.437641838 0.661878595 -0.526884286 -0.304596942
81 16.455393570 7.125097685 5.708097951 0.467281492 0.657015807 -0.503979727 -0.309810702
82 15.623451344 5.108788483 5.836058509 0.500120041 0.644651931 -0.476005017 -0.328211907
83 15.079772337 2.765126988 5.901191329 0.541272628 0.620722697 -0.439952723 -0.358006811
84 14.840543026 -0.180728430 5.942076277 0.582658639 0.586195002 -0.396749037 -0.399342625
85 14.987709811 -2.769245375 6.170047286 0.620873067 0.545506108 -0.354960283 -0.436970157
86 15.486103307 -5.186621038 6.378719870 0.647941770 0.506409817 -0.320965168 -0.469789231
87 16.684775073 -6.122960808 6.125781403 0.656939890 0.481221193 -0.313172576 -0.488650265
88 17.368705308 -8.925453153 6.678175259 -0.670586937 -0.455114899 0.287889822 0.510199020
89 18.583356030 -9.933494664 6.841806955 -0.670780438 -0.446571660 0.286485598 0.518221341
90 19.914714358 -10.265462566 6.997241747 -0.666264330 -0.447352195 0.293678785 0.519346347
91 21.438054476 -9.241582904 6.808219976 -0.653956865 -0.458989408 0.314838531 0.512392273
92 22.631358973 -8.430056051 6.892087083 -0.643241249 -0.472032843 0.330445215 0.504213894
93 23.633976421 -6.724253685 7.067240088 0.627229870 0.493367193 -0.352743910 -0.488613587
94 24.383581168 -4.763088066 7.168930146 0.609118499 0.516164551 -0.375716237 -0.470516865
95 24.893809195 -2.462204521 7.305766486 0.588852838 0.540873632 -0.399530230 -0.448423510
