0 25.000000000 0.000000000 -5.000000000 -0.448297854 -0.448297854 0.546835472 0.546835472
1 24.829629362 2.588188350 -4.869100424 -0.423279570 -0.474464168 0.570756599 0.519572001
2 24.330128133 4.999996126 -4.738200847 -0.398047725 -0.497863011 0.592452058 0.492636773
3 23.535536230 7.071063519 -4.607301243 -0.374087329 -0.517613370 0.611130802 0.467604761
4 22.500003874 8.660249710 -4.476401694 -0.352808502 -0.533150947 0.626368262 0.446025817
5 21.294100583 9.659255147 -4.345502108 -0.335519452 -0.544122002 0.637968040 0.429365490
6 20.000006338 10.000000000 -4.214602485 -0.323506389 -0.550211722 0.645759008 0.419053675
7 18.705912232 9.659262300 -4.083702937 -0.318184439 -0.550949519 0.649356976 0.416591896
8 17.500008047 8.660263419 -3.952803388 -0.321242505 -0.545522583 0.647890722 0.423610644
9 16.464472711 7.071081400 -3.821903691 -0.334613065 -0.532667232 0.639715066 0.441660900
10 15.669878423 5.000019073 -3.691004217 -0.359893495 -0.510880415 0.622338662 0.471351741
11 15.170374215 2.588214576 -3.560104668 -0.396738205 -0.479487947 0.593310712 0.510560971
12 15.000000000 0.000025352 -3.429204971 -0.440776192 -0.440777022 0.552916306 0.552915477
13 15.170367360 -2.588163018 -3.298305422 -0.484079739 -0.401105720 0.506846222 0.589820240
14 15.669865310 -4.999972880 -3.167405874 -0.519673319 -0.367957380 0.464067092 0.615783032
15 16.464453936 -7.071043849 -3.036506325 -0.544951050 -0.345671829 0.431247965 0.630527186
16 17.499983907 -8.660235405 -2.905606776 -0.560643288 -0.334790153 0.410566430 0.636419566
17 18.705886602 -9.659248590 -2.774707079 -0.568465390 -0.333935135 0.401306086 0.635836340
18 19.999980986 -10.000000000 -2.643807381 -0.569887422 -0.341350089 0.401770958 0.630308290
19 21.294074357 -9.659269452 -2.512907982 -0.565872424 -0.355473121 0.410209568 0.620608871
20 22.499981076 -8.660275936 -2.382008433 -0.556984216 -0.374976499 0.425037712 0.607045429
21 23.535518348 -7.071099281 -2.251108587 -0.543585101 -0.398628960 0.444776242 0.589732384
22 24.330114722 -5.000042915 -2.120209336 -0.526043924 -0.425150170 0.467932979 0.568826732
23 24.829622507 -2.588239014 -1.989309490 -0.504924094 -0.453138222 0.492940623 0.544726495
24 25.000000000 -0.000050704 -1.858409941 -0.481110718 -0.481109706 0.518201158 0.518202170
25 24.829636514 2.588136494 -1.727510393 -0.455829640 -0.507643650 0.542228087 0.490414076
26 24.330141246 4.999951124 -1.596610844 -0.430547924 -0.531558978 0.563814363 0.462803308
27 23.535555899 7.071024179 -1.465711296 -0.406811196 -0.552029118 0.582130492 0.436912570
28 22.500027120 8.660222888 -1.334811747 -0.386109691 -0.568576246 0.596700060 0.414233506
29 21.294125617 9.659242034 -1.203911901 -0.369844210 -0.580952181 0.607264328 0.396156357
30 20.000034074 10.000000000 -1.073012650 -0.359401529 -0.588952340 0.613583432 0.384032621
31 18.705938011 9.659276009 -0.942112803 -0.356298026 -0.592198378 0.615206805 0.379306452
32 17.500032037 8.660290837 -0.811213553 -0.362299347 -0.589901759 0.611221385 0.383618973
33 16.464490891 7.071117163 -0.680313706 -0.379315931 -0.580645983 0.600015991 0.398685938
34 15.669891834 5.000064969 -0.549414158 -0.408654562 -0.562413994 0.579309296 0.425549865
35 15.170381367 2.588267922 -0.418514609 -0.449164928 -0.533534037 0.547176250 0.462807142
36 15.000000000 0.000076055 -0.287614763 -0.495182841 -0.495185376 0.504771213 0.504768679
37 15.170360208 -2.588111758 -0.156715512 -0.537847463 -0.453463062 0.458572712 0.542957113
38 15.669851303 -4.999924898 -0.025815964 -0.570562379 -0.416741896 0.417536112 0.571356596
39 16.464436948 -7.071009278 0.105084181 -0.591963192 -0.390527581 0.387533992 0.588969603
40 17.499962151 -8.660210371 0.235983133 -0.603823414 -0.376084790 0.369879112 0.597617736
41 18.705859929 -9.659234285 0.366882682 -0.608359042 -0.372305585 0.363339665 0.599393122
42 19.999955634 -10.000000000 0.497782826 -0.607168208 -0.377458332 0.366023769 0.595733645
43 21.294049770 -9.659282565 0.628682375 -0.601173400 -0.389909170 0.376158864 0.587423094
44 22.499956936 -8.660303950 0.759581327 -0.590841532 -0.408229676 0.392213084 0.574824940
45 23.535500169 -7.071135044 0.890481472 -0.576429289 -0.431086036 0.412782684 0.558125937
46 24.330101907 -5.000087023 1.021381021 -0.558210473 -0.457104022 0.436450739 0.537557191
47 24.829615355 -2.588292360 1.152280569 -0.536673512 -0.484804803 0.461713399 0.513582108
48 25.000000000 -0.000101407 1.283180118 0.512655801 0.512653775 -0.487015484 -0.487017510
49 24.829643071 2.588087320 1.414079666 0.487368049 0.539211694 -0.510885353 -0.459041709
50 24.330154955 4.999903142 1.544979215 0.462294961 0.563314977 -0.532099607 -0.431079591
51 23.535575271 7.070984840 1.675878763 0.439028185 0.584185510 -0.549782088 -0.404624763
52 22.500048876 8.660197258 1.806778312 0.419125040 0.601415179 -0.563383958 -0.381093820
53 21.294152439 9.659227729 1.937677860 0.404065943 0.614836175 -0.572554864 -0.361784632
54 20.000061810 10.000000000 2.068577409 0.395318950 0.624324394 -0.576952845 -0.347947401
55 18.705962449 9.659289122 2.199476957 0.394463441 0.629565964 -0.576031736 -0.340929214
56 17.500053942 8.660316467 2.330376506 0.403262875 0.629788160 -0.568833205 -0.342307920
57 16.464512050 7.071159482 2.461276054 0.423461228 0.623474565 -0.553855425 -0.353842088
58 15.669904351 5.000109076 2.592176199 0.455880470 0.608284446 -0.529274578 -0.376870602
59 15.170387924 2.588317096 2.723075151 0.498492704 0.581913215 -0.494149502 -0.410728991
60 15.000000000 0.000136296 2.853974700 0.544725186 0.544729669 -0.450859236 -0.450854754
61 15.170353651 -2.588062882 2.984874845 0.585550069 0.502328962 -0.406348069 -0.489569175
62 15.669838786 -4.999881089 3.115774393 -0.615121609 -0.463341473 0.368756691 0.520536827
63 16.464415789 -7.070966959 3.246673346 -0.633035994 -0.434061186 0.342700809 0.541675617
64 17.499935925 -8.660179973 3.377572894 -0.641687176 -0.416488954 0.328658976 0.553857199
65 18.705830723 -9.659218788 3.508472443 -0.643546343 -0.409928279 0.325072293 0.558690357
66 19.999930283 -10.000000000 3.639372587 -0.640256273 -0.412788148 0.330004023 0.557472147
67 21.294025332 -9.659295678 3.770272136 -0.632694042 -0.423429014 0.341747478 0.551012506
68 22.499935031 -8.660328984 3.901171684 -0.621252608 -0.440355523 0.358867789 0.539764874
69 23.535479009 -7.071177363 4.032071233 -0.606112386 -0.462149434 0.380060010 0.524022962
70 24.330087006 -5.000138879 4.162970781 -0.587478456 -0.487357000 0.403998776 0.504120232
71 24.829607606 -2.588350773 4.293869734 0.565782980 0.514437295 -0.429258855 -0.480604540
72 25.000000000 -0.000152111 4.424770474 0.541822994 0.541819987 -0.454343599 -0.454346607
73 24.829649627 2.588038445 4.555670023 0.516789029 0.568058898 -0.477809618 -0.426539748
74 24.330167770 4.999859035 4.686568975 0.492168254 0.592009413 -0.498424279 -0.398583119
75 23.535593152 7.070949078 4.817468524 0.469577689 0.612929333 -0.515263231 -0.371911587
76 22.500075102 8.660167456 4.948368073 0.450618256 0.630453613 -0.527696762 -0.347861404
77 21.294181496 9.659212232 5.079267025 0.436821656 0.644456380 -0.535272299 -0.327637576
78 20.000082393 10.000000000 5.210168362 0.429697053 0.654846270 -0.537539737 -0.312390519
79 18.705986887 9.659302235 5.341067314 0.430820550 0.661323218 -0.533867814 -0.303365146
80 17.500075996 8.660341501 5.471966267 0.441844447 0.663096762 -0.523300288 -0.302047972
81 16.464529932 7.071195841 5.602866411 0.464194344 0.658589347 -0.504560346 -0.310165343
82 15.669919550 5.000160933 5.733765364 0.498089830 0.645359977 -0.476482919 -0.329212772
83 15.170395672 2.588375211 5.864665508 0.540787045 0.620965985 -0.439298867 -0.359119927
84 15.000000000 0.000177463 5.995565653 0.585478633 0.585484227 -0.396501845 -0.396496251
85 15.170347095 -2.588014007 6.126464605 0.623752381 0.543934281 -0.354985239 -0.434803340
86 15.669825971 -4.999837279 6.257364750 0.650599272 0.504484762 -0.321620454 -0.467734964
87 16.464397609 -7.070931196 6.388263702 0.666037450 0.473604030 -0.299749215 -0.492182635
88 17.499913871 -8.660154939 6.519162655 -0.672571175 -0.453866663 0.289231007 0.507935519
89 18.705806285 -9.659205675 6.650062799 -0.672691510 -0.445074255 0.288366852 0.515984107
90 19.999904931 -10.000000000 6.780962944 -0.668036918 -0.445902296 0.295273632 0.517408254
91 21.294000894 -9.659308791 6.911861897 -0.659465386 -0.454800032 0.308348697 0.513014051
92 22.499913126 -8.660354614 7.042762041 -0.647341658 -0.470265450 0.326263772 0.503339980
93 23.535461128 -7.071213722 7.173660994 0.631814390 0.490834855 -0.347812819 -0.488792353
94 24.330074191 -5.000182986 7.304561138 0.613056703 0.515003549 -0.371761738 -0.469814893
95 24.829601049 -2.588399649 7.435460091 0.591469783 0.541193098 -0.396767840 -0.447044525
