0 25.000000000 0.000000000 -5.000000000 -0.448297854 -0.448297854 0.546835472 0.546835472
1 24.825981253 2.590642273 -4.943698304 -0.422891962 -0.473460469 0.571141210 0.520379949
2 24.350719828 5.091968892 -4.727027535 -0.398144348 -0.497894931 0.592515346 0.492450282
3 23.502398052 7.199179067 -4.608701579 -0.373875261 -0.517707262 0.611589539 0.467070355
4 22.492179521 8.732934265 -4.487324007 -0.353542709 -0.532253027 0.626453643 0.446396798
5 21.255434312 9.803939398 -4.402119440 -0.334118335 -0.543961364 0.638652354 0.429644206
6 20.008019236 10.036328561 -4.265665501 -0.323440697 -0.548868746 0.645729569 0.420906805
7 18.600237492 9.755048351 -4.127369782 -0.317794933 -0.550118723 0.649761984 0.417354927
8 17.410051413 8.734349022 -3.981310093 -0.321996229 -0.544350173 0.647784403 0.424707763
9 16.373428360 7.062729444 -3.882430374 -0.336014645 -0.530058133 0.639556169 0.443959954
10 15.526963895 5.022636130 -3.720971929 -0.360610216 -0.509444720 0.622490202 0.472157069
11 15.020148941 2.587585744 -3.573081411 -0.396474344 -0.478997072 0.593626825 0.510859171
12 14.828726126 0.036182591 -3.356464875 -0.440950678 -0.442129937 0.553616443 0.550992243
13 15.059648816 -2.643525613 -3.258439991 -0.483794982 -0.401802509 0.506305036 0.590044380
14 15.542620677 -5.016365454 -3.172239045 -0.518660549 -0.368153432 0.465870107 0.615157970
15 16.350886715 -7.124108820 -3.077015437 -0.543659652 -0.345739270 0.433274756 0.630215460
16 17.498222846 -8.708647023 -2.824591063 -0.559989392 -0.337470049 0.411679102 0.634859169
17 18.734781137 -9.645779499 -2.829984041 -0.565170452 -0.336410044 0.404398846 0.635509414
18 19.969801228 -10.120740903 -2.656278383 -0.569095308 -0.341153741 0.402823328 0.630458580
19 21.298313956 -9.686852700 -2.515467508 -0.563661090 -0.357416272 0.411828686 0.620432847
20 22.539198418 -8.727242525 -2.328221973 -0.556292907 -0.376457776 0.425764288 0.606252848
21 23.508268822 -7.161953768 -2.213837495 -0.543196793 -0.398830971 0.444921372 0.589844109
22 24.324582865 -5.058980168 -2.161312317 -0.525027523 -0.424747152 0.468740991 0.569401300
23 24.815916437 -2.654207533 -1.925447826 -0.505575584 -0.453029388 0.492207045 0.544876065
24 25.006530162 -0.063744240 -1.827025829 -0.481246917 -0.480781298 0.517458977 0.519121330
25 24.837694696 2.531988621 -1.801059090 -0.455812776 -0.505721315 0.542488558 0.492124810
26 24.320123300 5.045586407 -1.641898711 -0.429928303 -0.530783313 0.564346539 0.463620225
27 23.531386122 7.218213973 -1.415667552 -0.406368907 -0.552185960 0.582645986 0.436438577
28 22.495591221 8.783998015 -1.331301498 -0.385736006 -0.567800500 0.597059292 0.415127122
29 21.231562816 9.845670728 -1.202442513 -0.369171004 -0.580377234 0.608203289 0.396186566
30 19.959520780 10.157396770 -1.073535170 -0.359299078 -0.588007769 0.614093573 0.384759820
31 18.703971915 9.746678976 -0.948671777 -0.357294256 -0.590222232 0.615126329 0.381573232
32 17.445816087 8.769416581 -0.803461262 -0.361668785 -0.589449384 0.611449442 0.384544788
33 16.404194740 7.082261533 -0.676226549 -0.380171846 -0.578915869 0.599974548 0.400445158
34 15.603379101 4.986037678 -0.529279797 -0.409574425 -0.560819334 0.578795719 0.427464596
35 15.050711278 2.603489725 -0.325801069 -0.449624072 -0.534188579 0.546680677 0.462191511
36 14.880399405 -0.012881208 -0.250579704 -0.495000237 -0.494779147 0.504918370 0.505198774
37 15.070082571 -2.634702635 -0.072014593 -0.537910763 -0.453091540 0.458971548 0.542867558
38 15.570590115 -5.057352904 -0.004583810 -0.570224540 -0.415737417 0.418746531 0.571539778
39 16.349384823 -7.217041019 0.167108093 -0.591476831 -0.390902984 0.387078218 0.589508667
40 17.487100809 -8.765460327 0.385879471 -0.603304128 -0.378279748 0.370413656 0.596424584
41 18.649883239 -9.758852686 0.429154309 -0.608074976 -0.372344804 0.363844636 0.599350692
42 19.984068413 -10.053227967 0.501000231 -0.606043981 -0.377847316 0.367463944 0.595745204
43 21.240351286 -9.825330915 0.743755656 -0.601025184 -0.390780246 0.375146764 0.587643117
44 22.525681803 -8.768521311 0.821458500 -0.589896185 -0.409338772 0.391861817 0.575246536
45 23.537129978 -7.247888966 1.065774556 -0.577209106 -0.431779469 0.411226928 0.557932390
46 24.307836589 -5.121884997 1.112582495 -0.558516573 -0.457012751 0.435510999 0.538078760
47 24.848311353 -2.639986300 1.189830256 -0.535977028 -0.484590945 0.462087244 0.514174699
48 25.021350821 -0.064889128 1.272188406 0.512303984 0.511931151 -0.486661804 -0.488499144
49 24.873902140 2.603206694 1.370958100 0.486514860 0.537900513 -0.511958845 -0.460287378
50 24.349506840 4.983004377 1.450158625 0.461964142 0.561388480 -0.533076021 -0.432737867
51 23.532857081 7.099200125 1.617686049 0.438525243 0.582963463 -0.550654340 -0.405745005
52 22.506200802 8.681236785 1.758908438 0.418502105 0.600206744 -0.563652888 -0.383279629
53 21.316305642 9.761573827 2.032683181 0.405332679 0.613358869 -0.572661480 -0.362705316
54 19.990868240 10.058095422 2.065890612 0.394657774 0.623454377 -0.577273232 -0.349722027
55 18.690125256 9.725359421 2.204687998 0.394065464 0.628707107 -0.576271170 -0.342565793
56 17.390252524 8.821190964 2.361577654 0.402380859 0.629408587 -0.569965827 -0.342159951
57 16.450533267 7.138827751 2.411578888 0.422265526 0.622177746 -0.554925389 -0.355871454
58 15.555439215 5.033103844 2.686765537 0.456718256 0.607303217 -0.529293643 -0.377411549
59 15.064314046 2.642691800 2.762161399 0.497823049 0.581252090 -0.495417711 -0.410949524
60 14.966551148 0.022577887 2.935450605 0.544725405 0.543503861 -0.451950555 -0.451241045
61 15.017117310 -2.672908568 3.125251903 0.585515701 0.504004385 -0.404313749 -0.489572606
62 15.623902423 -5.106549718 3.198617529 -0.615517379 -0.462087848 0.368663349 0.521248992
63 16.359706685 -7.161021132 3.379389683 -0.632664647 -0.435245482 0.342521624 0.541272346
64 17.363363332 -8.865045449 3.623580428 -0.642775940 -0.417490815 0.325790928 0.553534805
65 18.570081748 -9.885569295 3.638716155 -0.644131143 -0.409569033 0.323120690 0.559411564
66 20.017091730 -10.114035242 3.735798943 -0.638391938 -0.413569408 0.332677141 0.557442371
67 21.358976264 -9.689616993 3.844644107 -0.630778428 -0.425096333 0.343479721 0.550847859
68 22.428103034 -8.843286446 4.025287285 -0.622470912 -0.439447841 0.357418824 0.540062350
69 23.539667756 -7.165640327 4.155474775 -0.606389559 -0.461894493 0.380336252 0.523726565
70 24.310028575 -5.025470477 4.209363185 -0.587169037 -0.487599450 0.403688875 0.504494391
71 24.794568629 -2.603194366 4.476186466 0.566092075 0.515292677 -0.428481821 -0.480017239
72 24.989497671 -0.055159481 4.609770166 0.542723281 0.541726642 -0.453399346 -0.454326666
73 24.909961015 2.556015138 4.500732293 0.516130095 0.566173673 -0.478858523 -0.428662585
74 24.360329160 5.057956129 4.848280184 0.492330386 0.591622218 -0.498388074 -0.399002845
75 23.577042854 7.122449017 4.859751550 0.469432057 0.611974133 -0.515924959 -0.372750104
76 22.481002490 8.740958378 4.941137146 0.449757386 0.629689505 -0.528493779 -0.349147170
77 21.355016980 9.711177921 4.997290149 0.436195052 0.642354454 -0.536723555 -0.330215774
78 19.965691438 10.059606463 5.184103109 0.428860829 0.654309517 -0.538092535 -0.313709848
79 18.656233266 9.853429568 5.384210244 0.428765533 0.661288384 -0.535368383 -0.303707894
80 17.377960948 8.820019359 5.639134941 0.441649621 0.663215665 -0.523832157 -0.301148578
81 16.414917278 7.122336441 5.667966122 0.464901205 0.656901769 -0.505128997 -0.311755725
82 15.713736321 5.028745751 5.608686150 0.496801657 0.642985416 -0.479060230 -0.332052956
83 15.060098824 2.609672703 5.950004503 0.539935274 0.620604186 -0.440071563 -0.360079662
84 14.843387597 0.035397545 6.254596432 0.586574065 0.586545195 -0.395342573 -0.394461470
85 15.042538178 -2.638916305 6.270539395 0.623030609 0.545637558 -0.353454263 -0.434951261
86 15.663055667 -5.111222040 6.352208264 0.650877767 0.502583824 -0.322784009 -0.468591631
87 16.436219899 -7.124030977 6.536759833 0.665907541 0.473679773 -0.300533625 -0.491807035
88 17.380861763 -8.791944797 6.745047825 -0.673735818 -0.453825497 0.288374588 0.506914750
89 18.600039874 -9.715393505 6.669451562 -0.672971742 -0.443952718 0.288746628 0.516372349
90 19.943312931 -10.046540890 6.857194148 -0.667971790 -0.446603938 0.295076807 0.516999312
91 21.202307746 -9.880940580 7.176384631 -0.660500367 -0.455339180 0.305878298 0.512683101
92 22.486176444 -8.820979695 7.336761714 -0.648039153 -0.471238318 0.324602037 0.502606429
93 23.622809992 -7.173727047 7.358231326 0.631481470 0.490482170 -0.348631287 -0.488993477
94 24.317328707 -5.063148607 7.314673693 0.612589575 0.514280110 -0.372292419 -0.470795428
95 24.879923474 -2.634252359 7.704105458 0.591151996 0.542477282 -0.395712123 -0.446844080
